0.013824 0.000009 0.000009 0.314317 0.000009 0.424842 0.014688 0.232286 0.000009 0.000009 
0.000006 0.045542 0.000006 0.304603 0.000006 0.283066 0.034466 0.332293 0.000006 0.000006 
0.000005 0.000005 0.116289 0.000005 0.086426 0.112669 0.000005 0.684589 0.000005 0.000005 
0.000006 0.000006 0.112115 0.000006 0.000006 0.172389 0.201923 0.203731 0.253155 0.056663 
0.000006 0.000006 0.434214 0.000006 0.066081 0.254868 0.012592 0.232213 0.000006 0.000006 
0.000285 0.000285 0.000285 0.000285 0.000285 0.228205 0.000285 0.769516 0.000285 0.000285 
0.000004 0.000004 0.000004 0.031131 0.455239 0.000004 0.000004 0.447068 0.000004 0.066538 
0.000005 0.000005 0.000005 0.212130 0.198053 0.092233 0.000005 0.497554 0.000005 0.000005 
0.000006 0.000006 0.097403 0.102597 0.362321 0.214278 0.000006 0.223369 0.000006 0.000006 
0.415698 0.054142 0.034736 0.495363 0.000010 0.000010 0.000010 0.000010 0.000010 0.000010 
0.294405 0.000005 0.000005 0.476631 0.000005 0.156591 0.000005 0.000005 0.072346 0.000005 
0.203222 0.000004 0.000004 0.501597 0.238704 0.000004 0.056453 0.000004 0.000004 0.000004 
0.000007 0.000007 0.000007 0.029825 0.402198 0.144241 0.058949 0.364753 0.000007 0.000007 
0.415979 0.000007 0.000007 0.000007 0.000007 0.146664 0.083334 0.353316 0.000007 0.000007 
0.712642 0.000005 0.000005 0.145200 0.000005 0.038484 0.080555 0.023093 0.000005 0.000005 
0.594049 0.080562 0.048859 0.276498 0.000005 0.000005 0.000005 0.000005 0.000005 0.000005 
0.821976 0.080667 0.000004 0.000004 0.000004 0.085928 0.011402 0.000004 0.000004 0.000004 
0.766331 0.000005 0.000005 0.109264 0.041292 0.000005 0.038774 0.000005 0.000005 0.044313 
0.705679 0.014768 0.000005 0.166335 0.000005 0.000005 0.000005 0.000005 0.085139 0.028055 
0.694694 0.000005 0.000005 0.090823 0.000005 0.024730 0.009515 0.000005 0.034715 0.145504 
0.021089 0.081326 0.000006 0.108433 0.066869 0.000006 0.395163 0.327095 0.000006 0.000006 
0.000005 0.251162 0.000005 0.354641 0.000005 0.000005 0.000005 0.054605 0.339561 0.000005 
0.000007 0.000007 0.000007 0.557390 0.088651 0.000007 0.169236 0.080592 0.000007 0.104096 
0.000344 0.000344 0.000344 0.000344 0.000344 0.000344 0.000344 0.275258 0.721993 0.000344 
0.004417 0.017018 0.000006 0.000006 0.000006 0.073726 0.068055 0.468786 0.269050 0.098299 
0.113753 0.088418 0.000005 0.224399 0.043436 0.052743 0.107032 0.223882 0.124611 0.021721 
0.021459 0.000005 0.196751 0.000005 0.000005 0.000005 0.231809 0.000005 0.350065 0.199890 
0.556053 0.129889 0.042257 0.136670 0.000005 0.000005 0.000005 0.000005 0.135105 0.000005 
0.010530 0.066012 0.183011 0.058796 0.012068 0.000001 0.533652 0.000001 0.084349 0.051462 
0.498251 0.048032 0.000009 0.452800 0.000009 0.000009 0.000009 0.000866 0.000009 0.000009 
0.014719 0.000005 0.050139 0.190186 0.160760 0.000005 0.155310 0.000005 0.000005 0.428865 
0.000569 0.154450 0.000006 0.516324 0.000006 0.000006 0.248582 0.000006 0.000006 0.080046 
0.000008 0.075254 0.000008 0.000008 0.162136 0.000008 0.000008 0.105508 0.058964 0.598099 
0.000010 0.000010 0.000010 0.217422 0.216464 0.000010 0.145590 0.000010 0.000010 0.420467 
0.000005 0.044925 0.144125 0.040246 0.204019 0.027612 0.278887 0.000005 0.000005 0.260170 
0.000005 0.000005 0.000005 0.428407 0.334694 0.000005 0.195670 0.041198 0.000005 0.000005 
0.000332 0.000332 0.000332 0.000332 0.000332 0.000332 0.000332 0.000332 0.000332 0.997010 
0.024278 0.000004 0.000004 0.681138 0.077537 0.000004 0.012684 0.000004 0.121014 0.083334 
0.000662 0.000662 0.000662 0.000662 0.000662 0.000662 0.000662 0.000662 0.000662 0.994040 
0.097911 0.000007 0.406638 0.000007 0.000007 0.224535 0.054181 0.000007 0.110313 0.106396 
0.111171 0.000005 0.125957 0.110076 0.112814 0.288599 0.144576 0.000005 0.000005 0.106790 
0.174065 0.000004 0.000004 0.250985 0.000004 0.000004 0.115781 0.089215 0.184771 0.185167 
0.154337 0.014797 0.318530 0.000005 0.000005 0.313599 0.000005 0.067063 0.000005 0.131655 
0.064550 0.000005 0.147962 0.028802 0.226905 0.142997 0.085403 0.000005 0.028802 0.274569 
0.783864 0.000004 0.082537 0.040672 0.000004 0.000004 0.000004 0.000004 0.000004 0.092903 
0.786986 0.000004 0.038878 0.174108 0.000004 0.000004 0.000004 0.000004 0.000004 0.000004 
0.582502 0.000006 0.248999 0.085650 0.082814 0.000006 0.000006 0.000006 0.000006 0.000006 
0.719566 0.000006 0.053306 0.120487 0.000006 0.000006 0.000006 0.000006 0.000006 0.106607 
0.768384 0.000004 0.042148 0.189439 0.000004 0.000004 0.000004 0.000004 0.000004 0.000004 
0.610005 0.185856 0.003996 0.125426 0.024520 0.030221 0.000006 0.009697 0.000006 0.010267 
0.373116 0.049211 0.000004 0.336746 0.000004 0.035090 0.000004 0.042364 0.123234 0.039797 
0.708456 0.000005 0.022115 0.172379 0.000005 0.000005 0.000005 0.000005 0.000005 0.097022 
0.372876 0.123009 0.000005 0.401819 0.102267 0.000005 0.000005 0.000005 0.000005 0.000005 
0.000369 0.000369 0.701476 0.000369 0.000369 0.000369 0.295572 0.000369 0.000369 0.000369 
0.511428 0.189556 0.004583 0.276549 0.000005 0.000005 0.000005 0.017861 0.000005 0.000005 
0.438015 0.029588 0.144169 0.360395 0.000018 0.000018 0.000018 0.000018 0.018499 0.009259 
0.063022 0.000006 0.184299 0.076696 0.000006 0.041026 0.000006 0.000006 0.634332 0.000006 
0.043590 0.628809 0.000001 0.139194 0.122222 0.010380 0.000001 0.000001 0.055800 0.000001 
0.010136 0.467560 0.000005 0.409812 0.000005 0.000005 0.000005 0.000005 0.111448 0.001018 
0.013926 0.375274 0.000006 0.546958 0.001746 0.000586 0.000006 0.000006 0.061487 0.000006 
0.088252 0.361265 0.000006 0.449512 0.000006 0.004418 0.000006 0.000006 0.096525 0.000006 
0.067181 0.153377 0.000004 0.430986 0.000004 0.046947 0.000004 0.000004 0.301489 0.000004 
0.113988 0.018142 0.139893 0.294456 0.000009 0.119169 0.000009 0.314317 0.000009 0.000009 
0.042499 0.117266 0.048416 0.220542 0.000005 0.388903 0.000005 0.182352 0.000005 0.000005 
0.132106 0.000006 0.211366 0.067779 0.000006 0.224002 0.000006 0.364718 0.000006 0.000006 
0.000007 0.000742 0.636524 0.044057 0.000007 0.000007 0.000007 0.280457 0.000007 0.038184 
0.006568 0.021659 0.217184 0.169287 0.000007 0.095801 0.000007 0.489476 0.000007 0.000007 
0.000005 0.353241 0.000005 0.149877 0.123372 0.000005 0.041931 0.124336 0.000005 0.207224 
0.012150 0.584477 0.000004 0.000004 0.010007 0.000004 0.113254 0.000004 0.000004 0.280094 
0.000005 0.059910 0.000005 0.155758 0.563573 0.024888 0.000005 0.087558 0.000005 0.108295 
0.000008 0.450288 0.000008 0.249988 0.000008 0.000008 0.000008 0.052054 0.000008 0.247622 
0.000013 0.129110 0.000013 0.194925 0.000013 0.000013 0.108860 0.000013 0.000013 0.567029 
0.000474 0.237441 0.000474 0.000474 0.000474 0.758768 0.000474 0.000474 0.000474 0.000474 
0.000004 0.000004 0.000004 0.135547 0.602514 0.000004 0.000004 0.000004 0.008749 0.253163 
0.000006 0.000006 0.000006 0.253207 0.480095 0.000006 0.056143 0.000006 0.028074 0.182451 
0.073638 0.027548 0.000006 0.165258 0.605368 0.046658 0.081508 0.000006 0.000006 0.000006 
0.000010 0.000010 0.000010 0.169397 0.778164 0.000010 0.000010 0.000010 0.052366 0.000010 
0.001667 0.096420 0.023482 0.084763 0.338880 0.000002 0.062782 0.203329 0.188508 0.000002 
0.015425 0.000006 0.000006 0.235857 0.525961 0.011427 0.123357 0.000006 0.087950 0.000006 
0.048482 0.000004 0.011463 0.335380 0.420435 0.000004 0.000004 0.026887 0.092993 0.064347 
0.063275 0.000005 0.000005 0.195777 0.394301 0.045853 0.000005 0.000005 0.000005 0.300770 
0.000285 0.000285 0.000285 0.256695 0.741026 0.000285 0.000285 0.000285 0.000285 0.000285 
0.000008 0.000008 0.001508 0.096024 0.430583 0.159785 0.035264 0.000008 0.043515 0.233298 
0.000005 0.000005 0.000005 0.125932 0.781714 0.048562 0.000005 0.000005 0.000005 0.043760 
0.000006 0.014291 0.000006 0.676156 0.172615 0.051789 0.044051 0.000006 0.041075 0.000006 
0.001737 0.037511 0.000006 0.341590 0.480647 0.000006 0.096365 0.000006 0.042127 0.000006 
0.000014 0.000014 0.000014 0.364885 0.618031 0.000014 0.000014 0.000014 0.000014 0.016985 
0.000580 0.000006 0.000006 0.201028 0.354954 0.098220 0.178054 0.000006 0.083286 0.083861 
0.000006 0.000006 0.000006 0.273540 0.570020 0.055558 0.000006 0.000006 0.000006 0.100845 
0.008085 0.000006 0.026729 0.415145 0.398987 0.000006 0.069610 0.000006 0.081418 0.000006 
0.000491 0.000005 0.000005 0.409518 0.324892 0.000005 0.092899 0.004868 0.166826 0.000005 
0.428428 0.076509 0.000005 0.046357 0.245718 0.000005 0.029706 0.000005 0.056708 0.116561 
0.000004 0.000004 0.118220 0.273721 0.244909 0.197877 0.000004 0.000004 0.000004 0.165251 
0.110703 0.000004 0.000370 0.328071 0.560834 0.000004 0.000004 0.000004 0.000004 0.000004 
0.033037 0.235427 0.000006 0.000006 0.094895 0.285274 0.213807 0.000006 0.000006 0.137535 
0.014679 0.000004 0.000004 0.116561 0.026837 0.503547 0.000004 0.000004 0.030611 0.307748 
0.020412 0.000005 0.000005 0.082708 0.000005 0.723919 0.000005 0.000005 0.000005 0.172928 
0.000004 0.000004 0.000004 0.352824 0.501265 0.000004 0.074224 0.019747 0.000004 0.051921 
0.226177 0.039001 0.197209 0.000006 0.296925 0.000006 0.037886 0.000006 0.042900 0.159885 
0.000227 0.000227 0.000227 0.000227 0.000227 0.000227 0.000227 0.000227 0.000227 0.997959 
0.000004 0.000004 0.000004 0.494512 0.314214 0.179428 0.000004 0.000004 0.000004 0.011820 
0.001885 0.000006 0.000006 0.266114 0.445188 0.015660 0.271123 0.000006 0.000006 0.000006 
0.000005 0.308457 0.000005 0.365663 0.051261 0.038447 0.210521 0.000005 0.025633 0.000005 
0.000238 0.000238 0.000238 0.997862 0.000238 0.000238 0.000238 0.000238 0.000238 0.000238 
0.000475 0.000005 0.000005 0.354948 0.180532 0.023981 0.440040 0.000005 0.000005 0.000005 
0.000005 0.030862 0.000005 0.694282 0.129700 0.094022 0.000005 0.000005 0.051111 0.000005 
0.000008 0.000008 0.197974 0.000008 0.002337 0.000008 0.000008 0.000008 0.658342 0.141301 
0.000006 0.000006 0.278999 0.052635 0.000006 0.000006 0.057073 0.000006 0.611255 0.000006 
0.005759 0.072499 0.073074 0.066170 0.000006 0.782469 0.000006 0.000006 0.000006 0.000006 
0.000270 0.000270 0.000270 0.000270 0.620216 0.377628 0.000270 0.000270 0.000270 0.000270 
0.000007 0.053143 0.111800 0.000007 0.353330 0.481685 0.000007 0.000007 0.000007 0.000007 
0.000619 0.135498 0.142855 0.000006 0.000006 0.612476 0.108522 0.000006 0.000006 0.000006 
0.000005 0.000005 0.588051 0.000005 0.000005 0.295908 0.037597 0.000005 0.000005 0.078411 
0.000585 0.000585 0.117544 0.000585 0.000585 0.000585 0.000585 0.000585 0.877778 0.000585 
0.000005 0.000005 0.000005 0.000005 0.143277 0.039885 0.337261 0.000005 0.043824 0.435729 
0.000332 0.000332 0.000332 0.432226 0.000332 0.000332 0.000332 0.000332 0.232890 0.332558 
0.001235 0.001235 0.988889 0.001235 0.001235 0.001235 0.001235 0.001235 0.001235 0.001235 
0.000006 0.000006 0.149547 0.000006 0.046249 0.529704 0.000006 0.000006 0.000006 0.274464 
0.000007 0.000007 0.299330 0.000007 0.000007 0.521455 0.000007 0.000007 0.000007 0.179164 
0.000007 0.000007 0.468789 0.000007 0.000007 0.481125 0.028792 0.000007 0.021253 0.000007 
0.000200 0.000200 0.399401 0.000200 0.000200 0.159880 0.000200 0.439321 0.000200 0.000200 
0.000006 0.000006 0.248019 0.253092 0.091883 0.229418 0.011279 0.000569 0.000006 0.165723 
0.000006 0.133288 0.072120 0.000006 0.518969 0.031556 0.244035 0.000006 0.000006 0.000006 
0.000208 0.000208 0.000208 0.603119 0.000208 0.000208 0.374428 0.000208 0.000208 0.020998 
0.000005 0.000005 0.000005 0.000005 0.000005 0.000005 0.017689 0.148979 0.218107 0.615192 
0.000005 0.000005 0.187046 0.000005 0.046765 0.000005 0.086332 0.000005 0.294954 0.384877 
0.000006 0.000006 0.317176 0.000006 0.000006 0.235078 0.095098 0.000006 0.114589 0.238031 
0.021152 0.065963 0.080565 0.004033 0.000005 0.723030 0.105236 0.000005 0.000005 0.000005 
0.000006 0.000006 0.844546 0.000006 0.000006 0.046626 0.068741 0.000006 0.000006 0.040051 
0.012844 0.000007 0.000007 0.000007 0.000007 0.429707 0.195939 0.000007 0.067570 0.293906 
0.000005 0.000005 0.204689 0.078058 0.082970 0.268004 0.060592 0.000005 0.000005 0.305666 
0.000005 0.000005 0.440897 0.000005 0.000005 0.142997 0.000005 0.000005 0.030788 0.385289 
0.000004 0.000004 0.238951 0.053010 0.086664 0.396706 0.000004 0.000004 0.000004 0.224648 
0.000567 0.067903 0.072392 0.047702 0.326587 0.000006 0.098766 0.147023 0.239049 0.000006 
0.185217 0.000005 0.060100 0.000005 0.000005 0.357130 0.001483 0.091133 0.031038 0.273883 
0.000005 0.000005 0.171483 0.000005 0.078641 0.000005 0.023850 0.014210 0.296286 0.415509 
0.000005 0.000005 0.726655 0.000005 0.139383 0.045638 0.060022 0.000005 0.021829 0.006453 
0.001593 0.000005 0.236501 0.029104 0.085186 0.000005 0.048680 0.000005 0.278297 0.320623 
0.000452 0.000452 0.000452 0.000452 0.000452 0.000452 0.000452 0.995928 0.000452 0.000452 
0.000585 0.000585 0.000585 0.000585 0.000585 0.702339 0.000585 0.000585 0.292982 0.000585 
0.000270 0.000270 0.000270 0.000270 0.000270 0.027224 0.000270 0.000270 0.970620 0.000270 
0.000585 0.000585 0.000585 0.994737 0.000585 0.000585 0.000585 0.000585 0.000585 0.000585 
0.000369 0.000369 0.369373 0.000369 0.000369 0.000369 0.000369 0.000369 0.000369 0.627675 
0.000452 0.000452 0.000452 0.000452 0.000452 0.317195 0.000452 0.000452 0.000452 0.679186 
0.000238 0.000238 0.000238 0.451544 0.546556 0.000238 0.000238 0.000238 0.000238 0.000238 
0.000005 0.000005 0.247728 0.000005 0.028773 0.508236 0.178472 0.000005 0.000005 0.036764 
0.000013 0.000013 0.000013 0.167725 0.000013 0.554359 0.000013 0.000013 0.120356 0.157483 
0.001058 0.018435 0.123222 0.000005 0.000005 0.101106 0.000005 0.648207 0.107951 0.000005 
0.003324 0.000005 0.009013 0.000005 0.000005 0.556166 0.225219 0.000005 0.000005 0.206254 
0.000516 0.048035 0.098620 0.000005 0.001538 0.414394 0.303515 0.000005 0.000005 0.133366 
0.000005 0.000005 0.158119 0.057207 0.000005 0.158658 0.000005 0.000005 0.000005 0.625983 
0.000006 0.000006 0.288905 0.000006 0.000006 0.000006 0.000006 0.000006 0.210115 0.500935 
0.000005 0.119834 0.000005 0.202016 0.438919 0.033520 0.000005 0.205688 0.000005 0.000005 
0.000005 0.000005 0.000005 0.012410 0.053401 0.179068 0.024276 0.000005 0.078210 0.652613 
0.000006 0.000006 0.055620 0.041576 0.000006 0.189883 0.000006 0.408410 0.000006 0.304483 
0.000009 0.000009 0.090990 0.000009 0.000009 0.215537 0.149289 0.000009 0.029158 0.514981 
0.000010 0.000010 0.146127 0.057311 0.000010 0.193878 0.000010 0.000010 0.000010 0.602626 
0.000006 0.044530 0.000006 0.270243 0.000006 0.037728 0.533678 0.000006 0.056898 0.056280 
0.000424 0.000004 0.125471 0.000004 0.000004 0.521594 0.044064 0.000004 0.000004 0.308426 
0.000006 0.056116 0.000006 0.274059 0.669783 0.000006 0.000006 0.000006 0.000006 0.000006 
0.000005 0.041692 0.043802 0.026917 0.096042 0.791520 0.000005 0.000005 0.000005 0.000005 
0.000005 0.000005 0.000005 0.117962 0.387652 0.263262 0.000005 0.000005 0.023060 0.208037 
0.012503 0.018386 0.183555 0.050449 0.000001 0.256653 0.028682 0.000001 0.000001 0.449767 
0.000270 0.188949 0.000270 0.000270 0.000270 0.000270 0.000270 0.000270 0.000270 0.808895 
0.000270 0.000270 0.000270 0.728032 0.000270 0.000270 0.269811 0.000270 0.000270 0.000270 
0.000452 0.000452 0.000452 0.995928 0.000452 0.000452 0.000452 0.000452 0.000452 0.000452 
0.000826 0.000826 0.000826 0.992562 0.000826 0.000826 0.000826 0.000826 0.000826 0.000826 
0.000369 0.000369 0.000369 0.000369 0.000369 0.996679 0.000369 0.000369 0.000369 0.000369 
0.001408 0.001408 0.001408 0.001408 0.001408 0.001408 0.987324 0.001408 0.001408 0.001408 
0.000585 0.000585 0.000585 0.000585 0.000585 0.994737 0.000585 0.000585 0.000585 0.000585 
0.000312 0.000312 0.000312 0.374143 0.000312 0.498754 0.000312 0.000312 0.000312 0.124922 
0.000826 0.000826 0.000826 0.992562 0.000826 0.000826 0.000826 0.000826 0.000826 0.000826 
0.000312 0.000312 0.000312 0.000312 0.000312 0.000312 0.000312 0.997196 0.000312 0.000312 
0.000212 0.000212 0.000212 0.000212 0.000212 0.000212 0.000212 0.870701 0.000212 0.127601 
0.001408 0.001408 0.001408 0.001408 0.001408 0.001408 0.001408 0.846479 0.001408 0.142254 
0.000005 0.000005 0.572061 0.000005 0.000005 0.066821 0.014192 0.000005 0.104805 0.242099 
0.000013 0.000013 0.293237 0.059451 0.000013 0.303804 0.052846 0.000013 0.000013 0.290596 
0.000012 0.078668 0.064367 0.045299 0.000012 0.674544 0.000012 0.000012 0.000012 0.137064 
0.002383 0.000005 0.392945 0.000005 0.105138 0.103711 0.000005 0.355839 0.039965 0.000005 
0.000011 0.000011 0.542681 0.000011 0.000011 0.000011 0.077694 0.000011 0.002231 0.376218 
0.045552 0.156656 0.066945 0.000007 0.557594 0.000007 0.000007 0.032441 0.000007 0.140784 
0.000154 0.000154 0.261290 0.000154 0.000154 0.553149 0.000154 0.000154 0.000154 0.184485 
0.000006 0.271117 0.001766 0.029347 0.000006 0.004114 0.042844 0.000006 0.000006 0.650789 
0.000006 0.000006 0.098466 0.045400 0.000006 0.230810 0.000006 0.000006 0.058187 0.567106 
0.000005 0.000005 0.367529 0.000005 0.000005 0.000005 0.207155 0.000005 0.319799 0.105489 
0.000008 0.000008 0.414702 0.000008 0.000008 0.121711 0.003013 0.025550 0.203599 0.231395 
0.000009 0.000009 0.501710 0.000009 0.000009 0.252168 0.137868 0.000009 0.000009 0.108202 
0.000005 0.027794 0.077450 0.101594 0.318441 0.118450 0.247374 0.001371 0.005927 0.101594 
0.000622 0.000006 0.390751 0.000006 0.000006 0.178457 0.161227 0.000006 0.268913 0.000006 
0.004874 0.000007 0.243384 0.000007 0.000007 0.527787 0.034775 0.000007 0.014610 0.174543 
0.018074 0.000008 0.477582 0.000008 0.000008 0.000008 0.080127 0.000008 0.051850 0.372327 
0.000008 0.000008 0.064335 0.000008 0.000008 0.212532 0.232074 0.436455 0.000008 0.054564 
0.000007 0.000007 0.000007 0.192071 0.027659 0.291466 0.000007 0.035879 0.000007 0.452888 
0.000572 0.000006 0.400096 0.000006 0.000006 0.039619 0.122806 0.000006 0.366708 0.070177 
0.000005 0.000005 0.306490 0.104500 0.000005 0.064502 0.148498 0.000005 0.297490 0.078501 
0.000005 0.000005 0.000005 0.073627 0.620246 0.144224 0.000005 0.000005 0.028244 0.133634 
0.000006 0.261881 0.137264 0.000006 0.029505 0.000006 0.124622 0.064421 0.205292 0.176997 
0.000005 0.000005 0.316464 0.000005 0.000005 0.000005 0.000005 0.148842 0.324652 0.210014 
0.000013 0.000013 0.251269 0.164940 0.000013 0.382696 0.000013 0.000013 0.000013 0.201018 
0.000009 0.000009 0.366303 0.000009 0.000009 0.330228 0.000009 0.000009 0.000009 0.303404 
0.000004 0.000004 0.000004 0.233621 0.403742 0.007592 0.041137 0.000004 0.000004 0.313889 
0.002037 0.000005 0.000005 0.019821 0.466953 0.000005 0.197150 0.314014 0.000005 0.000005 
0.000010 0.000010 0.091096 0.085979 0.183205 0.000010 0.521963 0.000010 0.000010 0.117705 
0.000005 0.000005 0.546590 0.000005 0.000005 0.000005 0.000005 0.000005 0.229744 0.223122 
0.000004 0.000004 0.190702 0.070146 0.000004 0.086366 0.182373 0.064885 0.000004 0.405510 
0.000004 0.000004 0.247523 0.110378 0.052308 0.000004 0.253700 0.021832 0.205515 0.108731 
0.000997 0.142855 0.000005 0.087302 0.074902 0.000005 0.169143 0.079366 0.000005 0.445419 
0.000651 0.000006 0.000006 0.035442 0.000006 0.176541 0.000006 0.000006 0.172676 0.614658 
0.000005 0.011183 0.295214 0.000005 0.000005 0.293689 0.071648 0.000005 0.000005 0.328240 
0.038216 0.000004 0.000004 0.000004 0.585638 0.220261 0.000004 0.000004 0.000004 0.155858 
0.000662 0.000662 0.000662 0.000662 0.000662 0.000662 0.000662 0.000662 0.000662 0.994040 
0.000552 0.000552 0.939779 0.000552 0.000552 0.055801 0.000552 0.000552 0.000552 0.000552 
0.000009 0.000009 0.004406 0.818758 0.000009 0.013200 0.000009 0.124888 0.038704 0.000009 
0.289899 0.153761 0.457002 0.000005 0.030436 0.000005 0.000005 0.000005 0.068875 0.000005 
0.000006 0.222903 0.000006 0.000006 0.074305 0.339304 0.217330 0.146127 0.000006 0.000006 
0.000627 0.000006 0.000006 0.085662 0.258836 0.070145 0.456837 0.000006 0.127869 0.000006 
0.000005 0.098021 0.761043 0.000005 0.048542 0.000005 0.000005 0.000005 0.013199 0.079172 
0.000006 0.356201 0.009073 0.000006 0.000006 0.064769 0.066712 0.059588 0.000006 0.443631 
0.000621 0.000621 0.000621 0.000621 0.000621 0.000621 0.000621 0.000621 0.373292 0.621739 
0.000005 0.000005 0.000005 0.028056 0.115843 0.367778 0.000005 0.300249 0.034289 0.153763 
0.000006 0.000006 0.283312 0.000006 0.000006 0.000006 0.068818 0.001246 0.000006 0.646587 
0.000010 0.000010 0.502050 0.025112 0.030342 0.000010 0.000010 0.000010 0.000010 0.442433 
0.000006 0.000006 0.108043 0.672835 0.000006 0.000006 0.000006 0.000006 0.022214 0.196873 
0.000006 0.144726 0.295683 0.097318 0.000006 0.389876 0.000006 0.000006 0.000006 0.072366 
0.000012 0.000012 0.011544 0.164929 0.356372 0.000012 0.275643 0.000012 0.000012 0.191454 
0.016251 0.000012 0.000012 0.190245 0.399037 0.146166 0.061489 0.000012 0.000012 0.186765 
0.000009 0.000009 0.000009 0.000009 0.542789 0.138730 0.052146 0.000009 0.000009 0.266279 
0.001583 0.000008 0.258255 0.351949 0.000008 0.081891 0.188969 0.000008 0.000008 0.117321 
0.000369 0.000369 0.000369 0.000369 0.000369 0.406273 0.000369 0.000369 0.000369 0.590775 
0.000011 0.000011 0.000011 0.128752 0.000011 0.164156 0.111587 0.000011 0.008593 0.586858 
0.000008 0.000008 0.000008 0.344505 0.000008 0.165462 0.312533 0.012797 0.011997 0.152674 
0.116207 0.000005 0.114168 0.246680 0.212532 0.091744 0.059125 0.000005 0.000005 0.159528 
0.031840 0.000006 0.267188 0.000006 0.000006 0.000006 0.000006 0.000006 0.623620 0.077318 
0.000005 0.000005 0.000005 0.010438 0.586829 0.030259 0.051646 0.000005 0.000005 0.320802 
0.130615 0.000005 0.563202 0.037520 0.000005 0.000005 0.056973 0.008341 0.000005 0.203330 
0.000005 0.062708 0.298435 0.000005 0.123997 0.000005 0.514832 0.000005 0.000005 0.000005 
0.000006 0.098688 0.000006 0.044975 0.000006 0.524646 0.123047 0.027487 0.000006 0.181132 
0.193372 0.000009 0.299634 0.245632 0.000880 0.100174 0.000009 0.047043 0.082754 0.030494 
0.049191 0.000005 0.090258 0.000005 0.348603 0.174782 0.000005 0.000005 0.000005 0.337142 
0.010044 0.002794 0.370872 0.000006 0.000006 0.344660 0.000006 0.022871 0.000006 0.248737 
0.000006 0.045611 0.090654 0.000006 0.000006 0.166100 0.310236 0.148083 0.073763 0.164974 
0.000011 0.000011 0.206069 0.070949 0.000011 0.514593 0.000011 0.016901 0.000011 0.191431 
0.000004 0.141248 0.032682 0.023605 0.767950 0.034498 0.000004 0.000004 0.000004 0.000004 
0.035804 0.079343 0.481839 0.000005 0.115626 0.165454 0.121915 0.000005 0.000005 0.000005 
0.000005 0.221671 0.000005 0.076799 0.071897 0.068629 0.429721 0.000005 0.031050 0.099673 
0.049473 0.102473 0.000006 0.000006 0.259708 0.080095 0.041817 0.000006 0.040051 0.426365 
0.000975 0.076178 0.092189 0.021838 0.144588 0.062593 0.203294 0.000005 0.000005 0.398336 
0.029735 0.070328 0.264142 0.134932 0.072614 0.342468 0.052604 0.000006 0.000006 0.033166 
0.000006 0.010118 0.111837 0.029748 0.000006 0.515740 0.116596 0.099941 0.000601 0.115407 
0.000006 0.000006 0.092837 0.000006 0.012612 0.162747 0.096848 0.634926 0.000006 0.000006 
0.000005 0.088690 0.000005 0.192322 0.035379 0.126556 0.231683 0.325350 0.000005 0.000005 
0.000012 0.000012 0.112528 0.000012 0.000012 0.024371 0.034810 0.763264 0.000012 0.064969 
0.016020 0.000012 0.000012 0.000012 0.000012 0.035722 0.006169 0.828728 0.000012 0.113299 
0.000006 0.000006 0.076924 0.201704 0.000006 0.147006 0.301413 0.000006 0.154413 0.118517 
0.000005 0.000005 0.472500 0.088684 0.041573 0.000005 0.000005 0.000005 0.000005 0.397215 
0.000005 0.000005 0.000005 0.000005 0.000005 0.075076 0.073074 0.707677 0.144142 0.000005 
0.000011 0.000011 0.080388 0.048237 0.000011 0.078245 0.000011 0.742696 0.000011 0.050380 
0.000011 0.170024 0.000011 0.001073 0.000011 0.210403 0.234842 0.092456 0.291159 0.000011 
0.000032 0.000032 0.000032 0.258848 0.653543 0.000032 0.087383 0.000032 0.000032 0.000032 
0.081624 0.137376 0.002235 0.278761 0.000004 0.464747 0.000004 0.000004 0.035239 0.000004 
0.000005 0.000005 0.000005 0.110833 0.000005 0.209680 0.354456 0.000005 0.117323 0.207683 
0.000013 0.000013 0.000013 0.000013 0.312316 0.015124 0.000013 0.672472 0.000013 0.000013 
0.000012 0.000012 0.000012 0.000012 0.000012 0.057652 0.107058 0.819915 0.015304 0.000012 
0.000006 0.125818 0.000006 0.000006 0.000006 0.450188 0.279059 0.000006 0.000006 0.144899 
0.001018 0.000005 0.120505 0.059243 0.000005 0.432388 0.000005 0.000005 0.000005 0.386821 
0.000005 0.003018 0.271212 0.000005 0.000005 0.067807 0.226011 0.000005 0.267194 0.164738 
0.005533 0.000006 0.278597 0.032618 0.000006 0.298496 0.000006 0.000006 0.149804 0.234929 
0.000010 0.000010 0.085776 0.365035 0.000010 0.380724 0.076362 0.092051 0.000010 0.000010 
0.000005 0.025142 0.000005 0.015590 0.000005 0.000005 0.318239 0.000005 0.172445 0.468559 
0.000005 0.000005 0.088829 0.192910 0.000005 0.486083 0.089919 0.000005 0.000005 0.142232 
0.000006 0.037250 0.000006 0.076186 0.000006 0.357209 0.000006 0.000006 0.032735 0.496592 
0.000007 0.047812 0.000007 0.000007 0.000007 0.779503 0.000007 0.000007 0.051132 0.121513 
0.000005 0.059134 0.000005 0.228415 0.000005 0.195990 0.240814 0.000005 0.218878 0.056750 
0.000433 0.000433 0.000433 0.000433 0.000433 0.260173 0.346753 0.000433 0.000433 0.390043 
0.000826 0.000826 0.000826 0.000826 0.000826 0.000826 0.000826 0.000826 0.992562 0.000826 
0.000270 0.000270 0.000270 0.647170 0.161995 0.000270 0.000270 0.000270 0.188949 0.000270 
0.000005 0.000005 0.101484 0.000005 0.008621 0.000005 0.325982 0.010057 0.356139 0.197698 
0.000005 0.086835 0.000005 0.523790 0.259563 0.080767 0.049022 0.000005 0.000005 0.000005 
0.119338 0.070327 0.000005 0.727724 0.082580 0.000005 0.000005 0.000005 0.000005 0.000005 
0.000006 0.000006 0.135185 0.000006 0.000006 0.215387 0.058864 0.000006 0.243199 0.347332 
0.000006 0.094077 0.000006 0.271767 0.343772 0.000006 0.000006 0.000006 0.019168 0.271186 
0.003407 0.000006 0.127549 0.240922 0.000006 0.146256 0.000006 0.000006 0.041387 0.440457 
0.000007 0.000007 0.000007 0.041130 0.000007 0.273436 0.000007 0.000007 0.000007 0.685383 
0.000006 0.000006 0.000006 0.099150 0.000006 0.343896 0.000006 0.000006 0.000006 0.556915 
0.000006 0.000006 0.000006 0.045317 0.000006 0.274974 0.000006 0.000006 0.036627 0.643045 
0.000006 0.000006 0.000006 0.158630 0.000006 0.401446 0.000006 0.057355 0.000006 0.382533 
0.000005 0.071849 0.000005 0.183280 0.071849 0.036660 0.057187 0.000005 0.057676 0.521485 
0.000007 0.080894 0.000007 0.291479 0.304030 0.000007 0.108089 0.013953 0.129705 0.071829 
0.000006 0.145252 0.000006 0.233789 0.334477 0.000006 0.000006 0.000006 0.000006 0.286448 
0.000007 0.065423 0.082676 0.000007 0.019416 0.019416 0.669981 0.000007 0.000007 0.143059 
0.044705 0.022631 0.000006 0.325043 0.462452 0.145141 0.000006 0.000006 0.000006 0.000006 
0.029738 0.000004 0.000004 0.296122 0.649672 0.000004 0.024036 0.000004 0.000004 0.000004 
0.000006 0.000006 0.000006 0.548646 0.363996 0.000006 0.000006 0.000006 0.000006 0.087316 
0.000007 0.000007 0.000007 0.409221 0.253455 0.018487 0.203954 0.000007 0.000007 0.114851 
0.000005 0.034649 0.000005 0.295528 0.415207 0.000005 0.174274 0.017852 0.000005 0.062469 
0.000007 0.000007 0.000007 0.308504 0.227356 0.000007 0.258876 0.000007 0.095909 0.109322 
0.000006 0.000006 0.000006 0.196027 0.555983 0.000006 0.092182 0.000006 0.029176 0.126603 
0.000005 0.000005 0.078805 0.236406 0.178257 0.000005 0.221733 0.000005 0.038047 0.246731 
0.000004 0.031520 0.082102 0.000004 0.706202 0.054087 0.100389 0.000004 0.000004 0.025684 
0.000005 0.040449 0.000005 0.137144 0.609460 0.000005 0.000005 0.000005 0.000005 0.212919 
0.000005 0.000005 0.000005 0.188949 0.344465 0.000005 0.104166 0.184589 0.177806 0.000005 
0.000004 0.000004 0.000004 0.377803 0.253121 0.000004 0.218510 0.002089 0.000004 0.148455 
0.000005 0.000005 0.455615 0.000005 0.097986 0.000005 0.000005 0.002727 0.316265 0.127380 
0.000006 0.000006 0.162567 0.087587 0.366713 0.000006 0.195961 0.000006 0.113421 0.073726 
0.215102 0.065034 0.000005 0.253619 0.269626 0.000005 0.000005 0.000005 0.000005 0.196593 
0.001060 0.000005 0.000005 0.141875 0.000005 0.284273 0.000005 0.000005 0.000005 0.572760 
0.095193 0.000005 0.000005 0.047599 0.128033 0.162777 0.000005 0.000005 0.000005 0.566375 
0.026934 0.037706 0.000006 0.285447 0.000006 0.385381 0.000006 0.000006 0.131656 0.132853 
0.000006 0.000006 0.000006 0.366869 0.433572 0.051224 0.000006 0.000006 0.000006 0.148300 
0.000172 0.000172 0.000172 0.396041 0.413253 0.155077 0.000172 0.000172 0.000172 0.034596 
0.000222 0.000222 0.000222 0.576718 0.000222 0.000222 0.000222 0.000222 0.000222 0.421508 
0.000005 0.000005 0.120420 0.243345 0.499729 0.000005 0.000005 0.000005 0.058206 0.078275 
0.043958 0.000004 0.003928 0.259413 0.611832 0.000004 0.080848 0.000004 0.000004 0.000004 
0.056520 0.000005 0.000005 0.117616 0.667486 0.039209 0.119144 0.000005 0.000005 0.000005 
0.001256 0.045912 0.000004 0.309674 0.360173 0.000004 0.000004 0.159013 0.123956 0.000004 
0.000005 0.000005 0.062342 0.160447 0.186506 0.000005 0.270814 0.106285 0.213586 0.000005 
0.276539 0.030977 0.034296 0.176434 0.335164 0.116150 0.000006 0.000006 0.000006 0.030424 
0.011016 0.001302 0.165151 0.000006 0.145722 0.000006 0.041455 0.059588 0.259705 0.316048 
0.000005 0.110745 0.056472 0.210520 0.507653 0.000005 0.114583 0.000005 0.000005 0.000005 
0.005481 0.000005 0.230482 0.043818 0.162024 0.000005 0.030126 0.260604 0.267450 0.000005 
0.000006 0.000006 0.154869 0.025526 0.685581 0.000006 0.011606 0.093968 0.028426 0.000006 
0.015738 0.000004 0.291089 0.011598 0.050106 0.000004 0.000004 0.211590 0.307238 0.112629 
0.015708 0.000004 0.102866 0.081665 0.343924 0.000004 0.003930 0.218291 0.233603 0.000004 
0.000005 0.023437 0.107255 0.058587 0.164936 0.000005 0.124830 0.429007 0.022536 0.069402 
0.219087 0.145652 0.000006 0.000006 0.368405 0.056306 0.089352 0.054470 0.066710 0.000006 
0.035820 0.122015 0.000002 0.339872 0.416089 0.000002 0.055447 0.030750 0.000002 0.000002 
0.001013 0.024880 0.396636 0.034993 0.221680 0.000002 0.013554 0.277505 0.029734 0.000002 
0.046206 0.214510 0.190090 0.054463 0.390192 0.000002 0.034611 0.034435 0.035490 0.000002 
0.000005 0.019649 0.080499 0.234780 0.126496 0.000005 0.034502 0.220406 0.283652 0.000005 
0.000005 0.000005 0.246733 0.020064 0.069209 0.000005 0.147941 0.173015 0.343017 0.000005 
0.000010 0.000010 0.001984 0.186566 0.498480 0.000010 0.129316 0.183605 0.000010 0.000010 
0.055821 0.000005 0.257496 0.000005 0.199573 0.000005 0.000005 0.173245 0.221163 0.092154 
0.157083 0.040982 0.135456 0.000006 0.358551 0.000006 0.000006 0.109277 0.198628 0.000006 
0.044028 0.000004 0.334221 0.035043 0.203050 0.000004 0.100629 0.150492 0.078617 0.053910 
0.012332 0.000005 0.568020 0.069703 0.059272 0.000005 0.124702 0.000005 0.165952 0.000005 
0.000006 0.098734 0.277204 0.086710 0.176577 0.049370 0.102531 0.032916 0.153794 0.022157 
0.000005 0.000005 0.149704 0.033924 0.000005 0.000005 0.331061 0.000005 0.334680 0.150608 
0.049375 0.000004 0.169035 0.069876 0.376557 0.000004 0.105439 0.128032 0.101674 0.000004 
0.000005 0.000005 0.386210 0.000005 0.027082 0.000005 0.000005 0.236098 0.350107 0.000005 
0.000285 0.000285 0.000285 0.000285 0.000285 0.513105 0.484615 0.000285 0.000285 0.000285 
0.000006 0.000006 0.172829 0.138043 0.613445 0.000006 0.000006 0.075650 0.000006 0.000006 
0.055437 0.056896 0.000007 0.000007 0.175779 0.000007 0.000007 0.267676 0.444176 0.000007 
0.000004 0.000004 0.132736 0.345256 0.000004 0.093587 0.000004 0.056676 0.000004 0.371727 
0.035865 0.000006 0.326853 0.159902 0.000006 0.189883 0.000006 0.000006 0.000006 0.287467 
0.049291 0.000005 0.279289 0.222885 0.095291 0.139100 0.000005 0.000005 0.000005 0.214123 
0.144975 0.000006 0.202049 0.049660 0.000006 0.148970 0.000006 0.017699 0.114154 0.322476 
0.000498 0.000498 0.000498 0.000498 0.000498 0.000498 0.000498 0.000498 0.000498 0.995522 
0.021779 0.000004 0.141121 0.117252 0.453503 0.164570 0.000004 0.000004 0.066584 0.035179 
0.578788 0.000005 0.197027 0.054250 0.000005 0.000005 0.000005 0.000517 0.169393 0.000005 
0.706964 0.183989 0.000925 0.108095 0.000005 0.000005 0.000005 0.000005 0.000005 0.000005 
0.960931 0.000004 0.000004 0.000004 0.000004 0.000004 0.039038 0.000004 0.000004 0.000004 
0.501960 0.204945 0.084159 0.070794 0.138117 0.000005 0.000005 0.000005 0.000005 0.000005 
0.765038 0.139365 0.000007 0.000007 0.095546 0.000007 0.000007 0.000007 0.000007 0.000007 
0.406918 0.489725 0.000009 0.000009 0.000009 0.000009 0.098842 0.004461 0.000009 0.000009 
0.755692 0.000005 0.000005 0.215261 0.029011 0.000005 0.000005 0.000005 0.000005 0.000005 
0.613327 0.000006 0.049947 0.260373 0.000006 0.000006 0.000006 0.000006 0.014595 0.061731 
0.901557 0.000004 0.034249 0.000004 0.000004 0.000004 0.063808 0.000004 0.000004 0.000004 
0.159869 0.421286 0.000001 0.000001 0.160440 0.052611 0.044617 0.000001 0.161174 0.000001 
0.272601 0.000004 0.000004 0.000004 0.147389 0.000004 0.066523 0.177388 0.236516 0.099565 
0.199039 0.260076 0.000005 0.168255 0.086519 0.000005 0.000005 0.151802 0.134287 0.000005 
0.082334 0.634046 0.000006 0.210400 0.000577 0.000006 0.000006 0.000006 0.072614 0.000006 
0.015716 0.475029 0.000005 0.171438 0.139092 0.000005 0.083180 0.115526 0.000005 0.000005 
0.214168 0.103179 0.000005 0.198536 0.121416 0.000005 0.301709 0.007821 0.053155 0.000005 
0.000498 0.299005 0.000498 0.000498 0.000498 0.000498 0.000498 0.000498 0.000498 0.697015 
0.037868 0.410916 0.239667 0.000004 0.000004 0.000004 0.139413 0.000004 0.000004 0.172114 
0.000004 0.026064 0.473925 0.248691 0.000004 0.000004 0.000004 0.064782 0.137378 0.049146 
0.101282 0.000006 0.055772 0.000006 0.576893 0.266015 0.000006 0.000006 0.000006 0.000006 
0.032853 0.000006 0.295629 0.000006 0.501554 0.161083 0.000006 0.000006 0.000006 0.008850 
0.371810 0.046688 0.052107 0.043354 0.424747 0.000004 0.000004 0.000004 0.000004 0.061277 
0.047530 0.000005 0.000005 0.000005 0.398929 0.000005 0.406130 0.000005 0.000005 0.147381 
0.028172 0.000004 0.127140 0.299954 0.086792 0.057101 0.053295 0.011043 0.000004 0.336497 
0.076852 0.027949 0.387038 0.214713 0.000005 0.000005 0.000005 0.006525 0.062880 0.223562 
0.115014 0.000005 0.565906 0.000005 0.134743 0.088547 0.000005 0.095765 0.000005 0.000005 
0.383239 0.000004 0.167500 0.000004 0.340014 0.000004 0.063683 0.000004 0.045544 0.000004 
0.000270 0.000270 0.000270 0.000270 0.000270 0.377628 0.000270 0.000270 0.620216 0.000270 
0.247888 0.000005 0.228712 0.000005 0.519625 0.000005 0.000005 0.003746 0.000005 0.000005 
0.025543 0.000006 0.368316 0.007951 0.377964 0.220197 0.000006 0.000006 0.000006 0.000006 
0.033605 0.052804 0.462371 0.000008 0.359179 0.000008 0.000008 0.026406 0.000008 0.065603 
0.086929 0.000003 0.335335 0.000003 0.241430 0.223981 0.009521 0.000003 0.000003 0.102792 
0.159017 0.087395 0.047835 0.080543 0.302777 0.000001 0.192371 0.010602 0.015515 0.103814 
0.002114 0.044948 0.200133 0.000007 0.525251 0.226817 0.000007 0.000007 0.000007 0.000007 
0.000452 0.000452 0.000452 0.000452 0.226697 0.000452 0.000452 0.000452 0.000452 0.769683 
0.173576 0.000005 0.042383 0.000005 0.468874 0.257883 0.057261 0.000005 0.000005 0.000005 
0.142543 0.028950 0.243029 0.000005 0.239206 0.249036 0.000005 0.000005 0.063901 0.033319 
0.040092 0.000007 0.352022 0.031346 0.321412 0.255091 0.000007 0.000007 0.000007 0.000007 
0.282329 0.000006 0.109673 0.000006 0.325634 0.170412 0.000006 0.000006 0.000006 0.111923 
0.163897 0.000005 0.421664 0.000005 0.323640 0.079877 0.010897 0.000005 0.000005 0.000005 
0.063199 0.000005 0.046206 0.000005 0.789661 0.100903 0.000005 0.000005 0.000005 0.000005 
0.000012 0.000012 0.340291 0.000012 0.406867 0.141795 0.000012 0.000012 0.000012 0.110973 
0.000398 0.000398 0.000398 0.000398 0.637849 0.358964 0.000398 0.000398 0.000398 0.000398 
0.099840 0.093433 0.000005 0.251460 0.401479 0.060867 0.087561 0.004810 0.000539 0.000005 
0.000659 0.036558 0.276098 0.000007 0.513028 0.000007 0.000007 0.000007 0.028725 0.144253 
0.166971 0.058536 0.156497 0.000622 0.354883 0.191615 0.000006 0.000006 0.000006 0.070858 
0.139238 0.062743 0.277371 0.000006 0.217935 0.001656 0.000006 0.000006 0.000006 0.301035 
0.433745 0.000006 0.000006 0.270768 0.177268 0.000006 0.042212 0.000006 0.000006 0.075976 
0.000006 0.000006 0.116545 0.170889 0.399137 0.272936 0.000006 0.000006 0.000006 0.040463 
0.113036 0.004954 0.090347 0.000004 0.659218 0.102723 0.000004 0.000004 0.029706 0.000004 
0.000004 0.000004 0.255166 0.004314 0.000004 0.000004 0.000004 0.075001 0.197410 0.467657 
0.000006 0.000006 0.383027 0.024757 0.000006 0.000006 0.036514 0.000006 0.160269 0.395403 
0.005093 0.000006 0.306941 0.000006 0.000006 0.000006 0.075750 0.338031 0.000006 0.274156 
0.000226 0.000002 0.437339 0.000002 0.022561 0.000002 0.112128 0.000002 0.112352 0.315385 
0.000005 0.000005 0.622842 0.000005 0.000005 0.000005 0.000005 0.000005 0.259270 0.117853 
0.000006 0.070481 0.129981 0.019069 0.000006 0.000006 0.022535 0.000006 0.252446 0.505465 
0.000006 0.000006 0.411545 0.000006 0.113909 0.000006 0.058961 0.000006 0.133942 0.281615 
0.001829 0.000006 0.146413 0.000006 0.000006 0.141553 0.025521 0.023698 0.017623 0.643345 
0.000232 0.000232 0.000232 0.209049 0.000232 0.000232 0.000232 0.000232 0.000232 0.789095 
0.000006 0.555592 0.000006 0.097467 0.019828 0.000006 0.327080 0.000006 0.000006 0.000006 
0.000005 0.602654 0.000005 0.036709 0.045638 0.000005 0.314969 0.000005 0.000005 0.000005 
0.000006 0.525398 0.000006 0.241517 0.180383 0.052666 0.000006 0.000006 0.000006 0.000006 
0.000010 0.065265 0.043178 0.000010 0.648539 0.000010 0.242958 0.000010 0.000010 0.000010 
0.000006 0.071201 0.000006 0.000006 0.000006 0.178314 0.000006 0.000006 0.127644 0.622802 
0.000006 0.004330 0.000006 0.000006 0.000006 0.000006 0.108091 0.023476 0.147001 0.717071 
0.000006 0.000006 0.568298 0.000006 0.000006 0.000006 0.045172 0.000006 0.116065 0.270431 
0.000005 0.000005 0.415325 0.000005 0.000005 0.049866 0.012608 0.000005 0.316700 0.205474 
0.000006 0.000006 0.209843 0.000006 0.000006 0.000006 0.006161 0.000006 0.040294 0.743669 
0.000007 0.000007 0.059021 0.267230 0.365367 0.000007 0.000007 0.000007 0.000007 0.308342 
0.000011 0.084352 0.000011 0.051060 0.000011 0.156487 0.000011 0.000011 0.476096 0.231950 
0.000012 0.000012 0.098361 0.000012 0.000012 0.000012 0.000012 0.039820 0.078457 0.783292 
0.000014 0.091680 0.111423 0.000014 0.000014 0.193217 0.000014 0.057834 0.000014 0.545776 
0.000005 0.000005 0.105570 0.056236 0.000005 0.000005 0.085942 0.000005 0.203178 0.548517 
0.000006 0.000006 0.112415 0.000006 0.462508 0.001683 0.072149 0.000006 0.029087 0.322135 
0.039809 0.000005 0.255818 0.001947 0.000005 0.075244 0.000005 0.000005 0.097088 0.530076 
0.188553 0.000007 0.131354 0.086159 0.000007 0.000007 0.207620 0.000007 0.297302 0.088984 
0.113371 0.315685 0.000006 0.094186 0.000006 0.000006 0.476722 0.000006 0.000006 0.000006 
0.000005 0.000005 0.000005 0.000005 0.225159 0.000005 0.156900 0.000005 0.265402 0.352509 
0.020492 0.061471 0.000002 0.779070 0.138953 0.000002 0.000002 0.000002 0.000002 0.000002 
0.065071 0.000009 0.000009 0.039389 0.588999 0.000009 0.000009 0.071064 0.000009 0.235434 
0.201350 0.000023 0.000023 0.263121 0.000023 0.000023 0.430130 0.000023 0.105262 0.000023 
0.000006 0.000006 0.000006 0.000006 0.000006 0.000006 0.225743 0.000006 0.307147 0.467069 
0.000005 0.126320 0.000005 0.146403 0.000005 0.032245 0.520062 0.076111 0.098837 0.000005 
0.044641 0.261440 0.000006 0.000006 0.000006 0.017396 0.676488 0.000006 0.000006 0.000006 
0.000007 0.000007 0.369965 0.052010 0.000007 0.000007 0.115898 0.000007 0.248132 0.213959 
0.001429 0.000005 0.000005 0.000005 0.309107 0.125830 0.000005 0.000005 0.000005 0.563606 
0.000008 0.000008 0.000008 0.000008 0.279888 0.087877 0.000008 0.375079 0.000008 0.257107 
